5.7 4.67 17.6 1.50 .104 1.50 1.88 5.15 8.40 7.50 .14 1 0 0 205 24
5.5 4.67 13.4 1.65 .245 1.32 2.24 5.75 4.50 7.10 .11 1 0 0 160 32
6.6 2.70 20.3 0.90 .097 0.89 1.28 4.35 1.20 2.30 .10 1 0 0 480 17
5.7 3.49 22.3 1.75 .174 1.50 2.24 7.55 2.75 4.00 .12 1 0 0 230 30
5.6 3.49 20.5 1.40 .210 1.19 2.00 8.50 3.30 2.00 .12 1 0 0 235 30
6.0 3.49 18.5 1.20 .275 1.03 1.84 10.25 2.0 2.00 .12 1 0 0 215 27
5.3 4.84 12.1 1.90 .170 1.87 2.40 5.95 2.60 16.8 .14 1 0 0 215 25
5.4 4.84 12.0 1.65 .164 1.68 3.00 6.30 2.72 14.5 .14 1 0 0 190 30
5.4 4.48 10.1 2.30 .275 2.08 2.68 5.45 2.40 0.90 .20 1 0 0 190 28
5.6 4.48 14.7 2.35 .210 2.55 3.00 3.75 7.00 2.00 .21 1 0 0 175 24
5.6 4.48 14.8 2.35 .050 1.32 2.84 5.10 4.00 0.40 .12 1 0 0 145 26
5.6 4.48 14.8 2.52 .143 2.38 2.84 4.05 8.00 3.80 .18 1 0 0 155 27
5.2 3.48 18.1 1.50 .153 1.20 2.60 9.00 2.35 14.5 .13 0 1 0 220 31
5.2 3.48 19.7 1.65 .203 1.73 1.88 5.30 2.52 12.5 .20 0 1 0 300 23
5.6 3.48 16.9 1.40 .074 1.15 1.72 9.85 2.45 8.00 .07 0 1 0 305 32
5.8 2.63 23.7 1.65 .155 1.58 1.60 3.60 3.75 4.90 .10 0 1 0 275 20
6.0 2.63 1.92 0.90 .155 0.96 1.20 4.05 3.30 0.20 .10 0 1 0 405 18
5.3 2.63 18.0 1.60 .129 1.68 2.00 4.40 3.00 3.60 .18 0 1 0 210 23
5.4 4.46 14.8 2.45 .245 2.15 3.12 7.15 1.81 12.0 .13 0 1 0 170 31
5.6 4.46 15.6 1.65 .422 1.42 2.56 7.25 1.92 5.20 .15 0 1 0 235 28
5.3 2.80 16.2 1.65 .063 1.62 2.04 5.30 3.90 10.2 .12 0 1 0 185 21
5.4 2.80 14.1 1.25 .042 1.62 1.84 3.10 4.10 8.50 .30 0 1 0 255 20
5.5 2.80 17.5 1.05 .030 1.56 1.48 2.40 2.10 9.60 .20 0 1 0 265 15
5.4 2.57 14.1 2.70 .194 2.77 2.56 4.25 2.60 6.90 .17 0 1 0 305 26
5.4 2.57 19.1 1.60 .139 1.59 1.88 5.80 2.30 4.70 .16 0 1 0 440 24
5.2 2.57 22.5 0.85 .046 1.65 1.20 1.55 1.50 3.50 .21 0 1 0 430 16
5.5 1.26 17.0 0.70 .094 0.97 1.24 4.55 2.90 1.90 .12 0 0 1 350 18
5.9 1.26 12.5 0.80 .039 0.80 0.64 2.65 0.72 0.70 .13 0 0 1 475 10
5.6 2.52 21.5 1.80 .142 1.77 2.60 6.50 2.48 8.30 .17 0 0 1 195 33
5.6 2.52 22.2 1.05 .080 1.17 1.48 4.85 2.20 9.30 .14 0 0 1 375 25
5.3 2.52 13.0 2.20 .215 1.85 3.84 8.75 2.40 13.0 .11 0 0 1 160 35
5.6 3.24 13.0 3.55 .166 3.18 3.48 5.20 3.50 18.3 .22 0 0 1 240 33
5.5 3.24 10.9 3.34 .111 2.79 3.04 4.75 2.52 10.5 .21 0 0 1 205 31
5.6 3.24 12.0 3.65 .180 2.40 3.00 5.85 3.00 14.5 .21 0 0 1 270 34
5.4 1.56 22.8 0.55 .069 1.00 1.14 2.85 2.90 3.30 .15 0 0 1 475 16
5.3 1.56 16.5 2.05 .222 1.49 2.40 6.55 3.90 6.30 .11 0 0 0 430 31
5.2 1.56 18.4 1.05 .267 1.17 1.36 6.60 2.00 4.90 .11 0 0 0 490 28
5.8 4.12 12.5 5.90 .093 3.80 3.84 2.90 3.00 22.5 .24 0 0 0 105 32
5.7 4.12 8.70 4.25 .147 3.62 5.32 3.00 3.55 19.5 .20 0 0 0 115 25
5.5 4.12 9.40 3.85 .217 3.36 55.2 3.40 5.20 1.30 .31 0 0 0 097 28
5.4 2.14 15.0 2.45 .418 2.38 2.40 5.40 1.81 20.0 .17 0 0 0 325 27
5.4 2.14 12.9 1.70 .323 1.74 2.48 2.45 1.88 1.00 .15 0 0 0 310 23
4.9 2.30 12.1 1.80 .205 2.00 2.24 4.30 3.70 5.00 .19 0 0 0 245 25
5.0 2.30 13.2 3.65 .348 1.95 2.12 5.00 1.80 3.00 .15 0 0 0 170 26
4.9 2.03 11.5 2.25 .320 2.25 3.12 3.40 2.50 5.10 .18 0 0 0 220 34

